199601 55 200001 82
199101 41 199501 15
199001 95 199001 95
198401 63 198901 10
198301 1 198301 1
197901 97 198201 63
197601 4 197801 27
197501 90 197501 90
197301 1 197401 23
196601 18 197201 64
196501 97 196501 97
195801 67 196401 45
195501 1 195701 7
194801 88 195401 65
194701 33 194701 33
194501 87 194601 96
194301 62 194401 35
194201 6 194201 6
193601 70 194101 79
193201 10 193501 21
192901 79 193101 88
192501 26 192801 40
192301 94 192401 87
192101 5 192201 47
191401 44 192001 70
191101 20 191301 18
190701 87 191001 83
190301 52 190601 29
190001 91 190201 81
189901 5 189901 5
189701 79 189801 99
189501 3 189601 40
188901 50 189401 95
188101 21 188801 14
187601 36 188001 42
187301 25 187501 12
187201 96 187201 96
187101 15 187101 15
186501 55 187001 68
186301 0 186401 7
185001 80 186201 72
184801 2 184901 8
184101 75 184701 97
183701 2 184001 40
183101 55 183601 56
182901 80 183001 76
182701 20 182801 35
182401 95 182601 74
181101 68 182301 36
180901 11 181001 13
180501 93 180801 68
180301 56 180401 43
180201 6 180201 6
179901 64 180101 72
179701 25 179801 21
179501 84 179601 95
179401 4 179401 4
179001 82 179301 53
178801 17 178901 1
177801 88 178701 93
177501 42 177701 38
177201 22 177401 0
177101 68 177101 68
177001 6 177001 6
176901 77 176901 77
176601 37 176801 4
176201 71 176501 85
175701 60 176101 52
175601 7 175601 7
175001 80 175501 86
174901 18 174901 18
174801 85 174801 85
174601 13 174701 15
174501 71 174501 71
174301 20 174401 10
173801 90 174201 99
173701 18 173701 18
173601 97 173601 97
173401 6 173501 28
173201 84 173301 68
172901 17 173101 26
172601 84 172801 78
172501 9 172501 9
172401 88 172401 88
172301 29 172301 29
172201 94 172201 94
172101 20 172101 20
171701 71 172001 97
171601 6 171601 6
171401 78 171501 48
171301 6 171301 6
171201 93 171201 93
170501 72 171101 58
170401 5 170401 5
169901 76 170301 71
169801 12 169801 12
169301 43 169701 81
169201 10 169201 10
168901 81 169101 99
168201 73 168801 53
168101 16 168101 16
167701 61 168001 63
167601 1 167601 1
166901 53 167501 50
166801 88 166801 88
166401 53 166701 43
165901 76 166301 74
165301 21 165801 35
165101 96 165201 81
164801 6 165001 21
164701 97 164701 97
164301 61 164601 55
164201 3 164201 3
163801 60 164101 48
163601 28 163701 14
163301 66 163501 55
163201 22 163201 22
162901 76 163101 89
162301 21 162801 46
162201 79 162201 79
162101 5 162101 5
162001 87 162001 87
161701 10 161901 31
161601 82 161601 82
161501 22 161501 22
161301 96 161401 67
161101 7 161201 32
161001 82 161001 82
160501 50 160901 14
160201 70 160401 89
159801 40 160101 45
159401 61 159701 78
159301 13 159301 13
158701 83 159201 65
157701 49 158601 55
157601 15 157601 15
157401 93 157501 91
157201 12 157301 46
156901 74 157101 69
156601 17 156801 16
156001 48 156501 77
155901 22 155901 22
155501 68 155801 73
155201 43 155401 14
155101 72 155101 72
155001 8 155001 8
154101 81 154901 93
153901 7 154001 29
153301 78 153801 50
153201 16 153201 16
153001 95 153101 96
152801 5 152901 21
152201 70 152701 58
151901 40 152101 6
151701 87 151801 84
151601 32 151601 32
151401 80 151501 98
151301 36 151301 36
151201 99 151201 99
151001 15 151101 4
150701 62 150901 60
150101 16 150601 13
149601 61 150001 83
149301 22 149501 19
149101 96 149201 74
149001 7 149001 7
148901 70 148901 70
148801 3 148801 3
148701 77 148701 77
148601 8 148601 8
148501 67 148501 67
148401 8 148401 8
148201 72 148301 80
147901 59 148101 24
147801 89 147801 89
147701 18 147701 18
147201 76 147601 59
147101 26 147101 26
147001 97 147001 97
146901 20 146901 20
146201 49 146801 93
146101 10 146101 10
145901 91 146001 92
145601 29 145801 5
145401 97 145501 85
144901 52 145301 40
144701 92 144801 93
144401 25 144601 38
144201 87 144301 99
143901 31 144101 40
143701 80 143801 78
143601 19 143601 19
143401 90 143501 97
143301 54 143301 54
143201 0 143201 0
143101 91 143101 91
142601 48 143001 33
142401 0 142501 12
142301 89 142301 89
141901 43 142201 41
141701 64 141801 97
141101 8 141601 8
141001 94 141001 94
140601 28 140901 44
140401 92 140501 82
140301 37 140301 37
140201 99 140201 99
139701 33 140101 10
139601 92 139601 92
139101 33 139501 28
138401 78 139001 86
138301 7 138301 7
137901 58 138201 56
137801 98 137801 98
137701 14 137701 14
137101 67 137601 50
136901 18 137001 3
136301 42 136801 41
136001 60 136201 86
135901 13 135901 13
135101 82 135801 58
134801 27 135001 10
134501 79 134701 69
134201 23 134401 23
133901 64 134101 90
133801 2 133801 2
133501 77 133701 70
133201 30 133401 42
132801 93 133101 72
132701 13 132701 13
131901 50 132601 67
131101 38 131801 11
131001 85 131001 85
130401 12 130901 8
130201 71 130301 97
129901 28 130101 26
129301 77 129801 83
129101 43 129201 34
128801 86 129001 69
128601 25 128701 24
128301 82 128501 90
128101 20 128201 11
128001 76 128001 76
127901 18 127901 18
127801 82 127801 82
127601 48 127701 23
127401 76 127501 83
127201 22 127301 31
127101 83 127101 83
126601 32 127001 21
126301 67 126501 87
126201 0 126201 0
125701 19 126101 66
125601 86 125601 86
124901 8 125501 4
124701 62 124801 67
124401 39 124601 12
124301 72 124301 72
124201 12 124201 12
123801 50 124101 81
123601 95 123701 94
123501 5 123501 5
123301 77 123401 89
123001 21 123201 47
122601 55 122901 72
122501 2 122501 2
121801 52 122401 64
121701 10 121701 10
121501 74 121601 79
121201 26 121401 22
120601 61 121101 68
120301 95 120501 89
120101 9 120201 0
119701 64 120001 74
119301 16 119601 9
119201 85 119201 85
118901 19 119101 5
118801 89 118801 89
118401 19 118701 41
118001 72 118301 74
117901 96 117901 96
117801 26 117801 26
117001 68 117701 76
116901 8 116901 8
116701 64 116801 70
116101 35 116601 23
115801 64 116001 49
115601 36 115701 14
115401 78 115501 93
114501 30 115301 37
113801 64 114401 69
113701 5 113701 5
113601 70 113601 70
113301 15 113501 34
113201 75 113201 75
113001 15 113101 21
112501 88 112901 75
112201 46 112401 46
112101 98 112101 98
111301 60 112001 54
110301 28 111201 40
110201 97 110201 97
110101 18 110101 18
110001 97 110001 97
109101 52 109901 36
108901 78 109001 99
108801 0 108801 0
108701 92 108701 92
108601 30 108601 30
108501 98 108501 98
108301 2 108401 7
107901 37 108201 58
107801 92 107801 92
107301 62 107701 46
107001 98 107201 96
106801 66 106901 59
106501 38 106701 18
106101 95 106401 79
105401 12 106001 4
105301 91 105301 91
104801 52 105201 48
104301 84 104701 96
103801 12 104201 9
103701 81 103701 81
103301 18 103601 7
103201 68 103201 68
102901 23 103101 6
102401 73 102801 62
102101 9 102301 2
101701 21 102001 64
101101 66 101601 86
100501 21 101001 26
100001 49 100401 64
99901 16 99901 16
99601 93 99801 80
99501 9 99501 9
99401 98 99401 98
99001 25 99301 50
98101 71 98901 68
98001 0 98001 0
97801 84 97901 78
97501 23 97701 28
97401 90 97401 90
97101 13 97301 41
97001 89 97001 89
96801 32 96901 56
96401 98 96701 77
96301 10 96301 10
96201 79 96201 79
95801 15 96101 15
95501 84 95701 80
95401 10 95401 10
95001 88 95301 85
94301 17 94901 12
94101 71 94201 64
94001 0 94001 0
93601 69 93901 58
93501 15 93501 15
93201 61 93401 93
92501 22 93101 8
92301 98 92401 89
92201 13 92201 13
92001 92 92101 85
91901 4 91901 4
91701 45 91801 81
91601 3 91601 3
91501 71 91501 71
91301 8 91401 19
91001 69 91201 59
90601 20 90901 31
90001 61 90501 74
89801 9 89901 2
89601 76 89701 43
89501 3 89501 3
89001 58 89401 64
88901 18 88901 18
88801 80 88801 80
88201 24 88701 0
88001 56 88101 48
87701 3 87901 3
87001 53 87601 54
86901 93 86901 93
86601 50 86801 34
86401 86 86501 90
85701 15 86301 37
85101 56 85601 55
85001 94 85001 94
84601 36 84901 14
84301 75 84501 65
83801 29 84201 12
83701 73 83701 73
83501 26 83601 6
83201 96 83401 72
83001 13 83101 42
82701 64 82901 75
82601 15 82601 15
82401 96 82501 84
81701 18 82301 49
79501 49 81601 55
79001 58 79401 90
78601 42 78901 21
78401 81 78501 88
77201 69 78301 49
76701 1 77101 0
76201 72 76601 63
75901 1 76101 32
75801 70 75801 70
75601 8 75701 18
75201 44 75501 45
75001 85 75101 89
74901 19 74901 19
74601 78 74801 62
74301 45 74501 46
74201 75 74201 75
74101 13 74101 13
73601 47 74001 64
73501 98 73501 98
73201 39 73401 22
73101 75 73101 75
72601 4 73001 5
72501 91 72501 91
72301 19 72401 13
72001 40 72201 42
71801 71 71901 89
71001 47 71701 10
70401 84 70901 87
70201 28 70301 27
69901 92 70101 70
69701 24 69801 1
69601 92 69601 92
69501 13 69501 13
69401 83 69401 83
69301 15 69301 15
69201 77 69201 77
69101 1 69101 1
68101 49 69001 74
67901 92 68001 97
67801 8 67801 8
67701 75 67701 75
67501 3 67601 29
67301 64 67401 81
67201 5 67201 5
67101 92 67101 92
66201 45 67001 59
65601 88 66101 90
65401 31 65501 40
65201 95 65301 69
64701 18 65101 12
64501 75 64601 72
64301 40 64401 13
64101 96 64201 73
63001 41 64001 43
62801 0 62901 13
62501 62 62701 81
62401 5 62401 5
62201 93 62301 76
61801 34 62101 56
61701 93 61701 93
61601 1 61601 1
61201 83 61501 79
61101 5 61101 5
59801 38 61001 34
59501 67 59701 75
59301 11 59401 35
59201 83 59201 83
59101 7 59101 7
57601 65 59001 63
57201 41 57501 29
57001 96 57101 85
56601 22 56901 17
56201 71 56501 96
55601 16 56101 37
55001 56 55501 56
54501 5 54901 35
54301 93 54401 84
54001 50 54201 28
53901 1 53901 1
53801 87 53801 87
53601 8 53701 13
53501 77 53501 77
52901 58 53401 24
52801 0 52801 0
52701 77 52701 77
52601 7 52601 7
52301 58 52501 65
52001 29 52201 13
51501 88 51901 62
51401 24 51401 24
51301 90 51301 90
50901 11 51201 20
50801 71 50801 71
50301 2 50701 11
49701 37 50201 60
49601 96 49601 96
48701 25 49501 23
48101 82 48601 74
48001 9 48001 9
47201 57 47901 64
47001 26 47101 10
46801 87 46901 60
46701 0 46701 0
46301 18 46601 52
45701 71 46201 84
45401 94 45601 2
45001 24 45301 76
44601 50 44901 95
44201 60 44501 85
43601 74 44101 11
43301 87 43501 13
43001 86 43201 0
42701 92 42901 22
42501 25 42601 31
42301 5 42401 93
42101 3 42201 32
41801 72 42001 81
41301 27 41701 23
41101 2 41201 99
40901 13 41001 27
40701 2 40801 80
40001 77 40601 85
39801 97 39901 18
39501 33 39701 87
38801 14 39401 59
38501 2 38701 77
38201 5 38401 91
38001 18 38101 87
37801 22 37901 68
37601 13 37701 74
37201 10 37501 86
36801 39 37101 54
36501 44 36701 92
35801 22 36401 66
35601 44 35701 96
34501 12 35501 81
34201 55 34401 53
33901 86 34101 13
33701 16 33801 71
33201 82 33601 1
33001 5 33101 88
32801 16 32901 86
32001 29 32701 97
31701 79 31901 87
30501 25 31601 23
30201 29 30401 92
30001 89 30101 76
29701 69 29901 21
29201 26 29601 32
28801 85 29101 88
28401 89 28701 2
28201 88 28301 1
28001 69 28101 61
27601 12 27901 3
27101 57 27501 75
26901 21 27001 99
26701 22 26801 51
26501 81 26601 98
25801 86 26401 16
25401 55 25701 62
25101 2 25301 72
24801 88 25001 11
24601 91 24701 15
24201 79 24501 58
24001 92 24101 38
23801 22 23901 38
23501 9 23701 72
22901 80 23401 98
22701 58 22801 18
22501 48 22601 0
22201 87 22401 3
21701 95 22101 23
21501 89 21601 2
21001 3 21401 9
20701 19 20901 98
20501 0 20601 49
19501 7 20401 51
19301 48 19401 83
19101 28 19201 93
18901 27 19001 67
18701 0 18801 88
18501 18 18601 38
18201 34 18401 99
17901 68 18101 81
17601 21 17801 99
17401 20 17501 96
17201 36 17301 74
17001 50 17101 91
16801 41 16901 2
16301 24 16701 95
16101 10 16201 59
15801 91 16001 55
15601 68 15701 0
15101 22 15501 13
14901 21 15001 88
14701 9 14801 58
14401 83 14601 9
14201 87 14301 53
13901 7 14101 57
13701 7 13801 91
12501 55 13601 30
12201 90 12401 36
12001 12 12101 86
11601 29 11901 97
11101 21 11501 70
10801 6 11001 86
10501 4 10701 77
9901 29 10401 58
9701 18 9801 82
8901 31 9601 38
8401 54 8801 76
8201 23 8301 84
7901 93 8101 29
7501 70 7801 1
7301 90 7401 29
7001 48 7201 5
6601 6 6901 64
6401 42 6501 88
6201 35 6301 90
6001 78 6101 16
4901 53 5901 29
4501 73 4801 11
4101 3 4401 33
3901 35 4001 94
3601 12 3801 99
3101 47 3501 69
2901 18 3001 95
2601 82 2801 16
2301 2 2501 92
2101 91 2201 4
1801 42 2001 36
1401 27 1701 95
1101 5 1301 81
701 78 1001 64
501 69 601 24
301 34 401 0
101 41 201 67
