5 117
12 278
16 370
17 393
19 439
28 646
30 692
37 853
58 1336
70 1612
71 1635
72 1658
82 1888
86 1980
87 2003
88 2026
89 2049
93 2141
95 2187
102 2348
103 2371
111 2555
113 2601
125 2877
126 2900
127 2923
137 3153
140 3222
141 3245
147 3383
149 3429
152 3498
153 3521
158 3636
166 3820
168 3866
169 3889
170 3912
174 4004
178 4096
184 4234
192 4418
209 4809
212 4878
224 5154
232 5338
239 5499
249 5729
253 5821
254 5844
258 5936
263 6051
264 6074
269 6189
281 6465
289 6649
290 6672
293 6741
301 6925
306 7040
309 7109
312 7178
317 7293
319 7339
324 7454
325 7477
330 7592
335 7707
338 7776
343 7891
348 8006
349 8029
355 8167
360 8282
361 8305
368 8466
372 8558
373 8581
380 8742
381 8765
400 9202
402 9248
408 9386
409 9409
412 9478
414 9524
416 9570
420 9662
432 9938
433 9961
440 10129
445 10244
448 10313
451 10382
453 10428
459 10566
467 10750
468 10773
472 10865
476 10957
481 11072
486 11187
487 11210
488 11233
491 11302
494 11371
507 11670
508 11693
512 11785
513 11808
518 11923
524 12061
530 12199
536 12337
538 12383
539 12406
542 12475
545 12544
554 12751
574 13211
577 13280
581 13372
584 13441
586 13487
601 13832
606 13947
607 13970
609 14016
620 14269
624 14361
625 14384
626 14407
628 14453
632 14545
635 14614
645 14844
647 14890
654 15051
658 15143
659 15166
660 15189
666 15327
671 15442
673 15488
675 15534
676 15557
689 15856
691 15902
696 16017
698 16063
713 16408
718 16523
726 16707
731 16822
734 16891
735 16914
736 16937
742 17075
746 17167
748 17213
750 17259
752 17305
755 17374
756 17397
764 17581
767 17650
770 17719
771 17742
777 17880
782 17995
785 18064
787 18110
790 18179
791 18202
794 18271
796 18317
797 18340
800 18409
817 18800
821 18892
823 21408
825 21460
834 21694
846 22006
850 22110
870 22630
875 22760
877 22812
878 22838
879 22864
896 23306
910 23670
911 23696
918 23878
924 24034
930 24190
939 24424
950 24710
958 24918
960 24970
964 25074
965 25100
967 25152
971 25256
972 25282
975 25360
980 25490
981 25516
983 25568
987 25672
990 25750
997 25932
1001 26036
1005 26140
1006 26166
1008 26218
1014 26374
1020 26530
1030 26790
1033 26868
1046 27206
1059 27544
1062 27622
1063 27648
1065 27700
1067 27752
1069 27804
1075 27960
1076 27986
1087 28272
1091 28376
1094 28454
1104 28714
1107 28792
1111 28896
1112 28922
1113 28948
1120 29130
1125 29260
1133 29468
1140 29650
1142 29702
1145 29780
1149 29884
1150 29910
1155 30040
1158 30118
1165 30300
1170 30430
1172 30482
1186 30846
1192 31002
1198 31158
1216 31626
1219 31704
1221 31756
1226 31886
1229 31964
1238 32198
1240 32250
1245 32380
1247 32432
1252 32562
1256 32666
1258 32718
1262 32822
1265 32900
1275 33160
1279 33264
1282 33342
1284 37248
1286 37306
1288 37364
1290 37422
1295 37567
1302 37770
1304 37828
1307 37915
1311 38031
1315 38147
1322 38350
1325 38437
1327 38495
1330 38582
1336 38756
1341 38901
1343 38959
1346 39046
1347 39075
1354 39278
1367 39655
1374 39858
1386 40206
1389 40293
1390 40322
1403 40699
1405 40757
1407 40815
1425 41337
1428 41424
1430 41482
1436 41656
1444 41888
1446 41946
1451 42091
1454 42178
1457 42265
1467 42555
1479 42903
1487 43135
1489 43193
1491 43251
1494 43338
1495 43367
1501 43541
1503 43599
1506 43686
1507 43715
1512 43860
1514 43918
1515 43947
1516 43976
1531 44411
1533 44469
1542 44730
1544 44788
1545 44817
1546 44846
1547 44875
1548 44904
1550 44962
1551 44991
1555 45107
1562 45310
1565 45397
1568 45484
1571 45571
1572 45600
1576 45716
1582 45890
1585 45977
1590 46122
1596 46296
1602 46470
1612 46760
1616 46876
1633 47369
1658 48094
1661 48181
1662 48210
1663 48239
1665 48297
1667 48355
1675 48587
1677 48645
1678 48674
1679 48703
1685 48877
1686 48906
1688 48964
1692 50772
1699 50982
1702 51072
1705 51162
1707 51222
1709 51282
1710 51312
1719 51582
1724 51732
1725 51762
1726 51792
1736 52092
1738 52152
1741 52242
1752 52572
1758 52752
1763 52902
1767 53022
1769 53082
1770 53112
1772 53172
1782 53472
1786 53592
1787 53622
1793 53802
1794 53832
1795 53862
1804 54132
1805 54162
1807 54222
1809 54282
1810 54312
1839 55182
1840 55212
1849 55482
1851 55542
1858 55752
1861 55842
1867 56022
1880 56412
1882 56472
1888 56652
1899 56982
1905 57162
1906 57192
1909 57282
1922 57672
1923 57702
1926 57792
1930 57912
1942 58272
1943 58302
1950 58512
1952 58572
1959 58782
1961 58842
1964 58932
1968 59052
1973 59202
1974 59232
1978 59352
1984 59532
1988 59652
1997 59922
1999 59982
2001 60042
2003 60102
2007 60222
2008 60252
2011 60342
2026 60792
2027 60822
2028 60852
2037 61122
2043 61302
2049 61482
2055 61662
2059 61782
2060 61812
2062 61872
2068 62052
2072 62172
2075 62262
2079 62382
2095 62862
2111 63342
2116 63492
2117 63522
2130 63912
2136 64092
2137 66263
2163 67069
2164 67100
2168 67224
2174 67410
2186 67782
2188 67844
2191 67937
2193 67999
2194 68030
2220 68836
2221 68867
2235 69301
2240 69456
2241 69487
2244 69580
2246 69642
2256 69952
2258 70014
2270 70386
2276 70572
2277 70603
2282 70758
2291 71037
2297 71223
2300 71316
2302 71378
2304 71440
2305 71471
2313 71719
2318 71874
2320 71936
2321 71967
2338 72494
2351 72897
2353 72959
2354 72990
2355 73021
2358 73114
2360 73176
2368 73424
2379 73765
2382 73858
2386 73982
2406 74602
2413 74819
2415 74881
2420 75036
2426 75222
2433 75439
2437 75563
2439 75625
2442 75718
2443 75749
2447 75873
2454 76090
2458 76214
2463 76369
2485 77051
2487 77113
2495 77361
2499 77485
2500 77516
2502 77578
2507 77733
2512 77888
2514 77950
2518 78074
2522 78198
2523 78229
2552 79128
2558 79314
2560 79376
2562 79438
2573 79779
2584 80120
2586 80182
2590 80306
2592 80368
2593 80399
2601 80647
2602 80678
2608 80864
2617 81143
2618 81174
2620 81236
2621 81267
2622 81298
2629 81515
2634 81670
2638 92349
2642 92489
2648 92699
2661 93154
2664 93259
2676 93679
2677 93714
2684 93959
2699 94484
2700 94519
2705 94694
2707 94764
2713 94974
2714 95009
2717 95114
2719 95184
2724 95359
2730 95569
2731 95604
2733 95674
2734 95709
2737 95814
2739 95884
2744 96059
2750 96269
2752 96339
2753 96374
2755 96444
2758 96549
2771 97004
2776 97179
2781 97354
2782 97389
2783 97424
2784 97459
2785 97494
2790 97669
2795 97844
2797 97914
2817 98614
2819 98684
2830 99069
2842 99489
2846 99629
2848 99699
2849 99734
2851 99804
2852 99839
2856 99979
2862 100189
2866 100329
2868 100399
2870 100469
2872 100539
2876 100679
2878 100749
2882 100889
2889 101134
2892 101239
2916 102079
2923 102324
2927 102464
2934 102709
2937 102814
2940 102919
2944 103059
2954 103409
2959 103584
2961 103654
2964 103760
2966 103829
2975 104144
2987 104564
2988 104599
2998 104949
3007 105264
3009 105334
3010 105369
3019 105684
3031 106104
3033 106174
3037 106314
3038 106349
3048 106699
3049 106734
3052 106839
3083 107924
3098 108449
3100 108519
3113 108974
3114 112127
3116 112199
3135 112883
3137 112955
3140 113063
3141 113099
3144 113207
3145 113243
3147 113315
3159 113747
3160 113783
3173 114251
3183 114611
3185 114683
3190 114863
3203 115331
3204 115367
3207 115475
3208 115511
3209 115547
3210 115583
3213 115691
3221 115979
3229 116267
3234 116447
3235 116483
3239 116627
3241 116699
3246 116879
3247 116915
3253 117131
3255 117203
3263 117491
3266 117599
3271 117779
3272 117815
3292 118535
3294 118607
3307 119075
3315 119363
3334 120047
3340 120263
3342 120335
3349 120587
3358 120911
3360 120983
3361 121019
3365 121163
3370 121343
3373 121451
3377 121595
3396 122279
3398 122351
3401 122459
3405 122603
3416 122999
3424 123287
3429 123467
3430 123503
3433 123611
3455 124403
3480 125303
3485 125483
3489 125627
3491 125699
3492 125735
3496 125879
3505 126203
3506 126239
3511 126419
3517 126635
3523 126851
3524 126887
3526 126959
3530 127103
3537 127355
3540 127463
3549 127787
3553 127931
3555 128003
3557 128075
3564 128327
3566 128399
3569 128507
3570 128543
3581 128939
3582 128975
3589 129227
3592 129335
3596 129479
3608 147959
3616 148287
3619 148410
3620 148451
3624 148615
3625 148656
3627 148738
3632 148943
3634 149025
3635 149066
3637 149148
3641 149312
3643 149394
3647 149558
3663 150214
3671 150542
3672 150583
3680 150911
3682 150993
3683 151034
3684 151075
3685 151116
3692 151403
3697 151608
3700 151731
3708 152059
3712 152223
3713 152264
3716 152387
3717 152428
3719 152510
3722 152633
3725 152756
3729 152920
3733 153084
3736 153207
3745 153576
3747 153658
3756 154027
3757 154068
3771 154642
3772 154683
3775 154806
3778 154929
3779 154970
3783 155134
3788 155339
3790 155421
3792 155503
3798 155749
3799 155790
3810 156241
3820 156651
3821 156692
3826 156897
3829 157020
3831 157102
3838 157389
3850 157882
3853 158004
3856 158127
3857 158168
3863 158414
3864 158455
3867 158578
3870 158701
3875 158906
3876 158947
3877 158988
3880 159111
3891 159562
3894 159685
3898 159849
3901 159972
3914 160505
3920 160751
3921 160792
3926 160997
3933 161284
3934 161325
3957 162268
3964 162555
3966 162637
3972 162883
3984 163375
3987 163498
3995 163826
3999 163990
4004 164195
4005 164236
4006 176299
4011 176519
4014 176651
4020 176915
4031 177399
4033 177487
4035 177575
4040 177795
4041 177839
4067 178983
4073 179247
4074 179291
4081 179599
4083 179687
4101 180479
4102 180523
4104 180611
4110 180875
4117 181183
4120 181315
4123 181447
4125 181535
4126 181579
4129 181711
4139 182151
4146 182459
4155 182855
4160 183075
4161 183119
4163 183207
4168 183427
4170 183515
4176 183779
4178 183867
4181 183999
4190 184395
4191 184439
4192 184483
4193 184527
4201 184879
4203 184968
4206 185099
4210 185275
4220 185715
4224 185891
4233 186287
4236 186419
4243 186727
4257 187343
4260 187475
4272 188003
4273 188047
4275 188135
4276 188179
4281 188399
4284 188531
4294 188971
4296 189059
4298 189147
4299 189191
4308 189587
4313 189807
4314 189851
4321 190159
4322 190203
4335 190775
4338 190907
4344 191171
4352 191523
4362 191963
4366 192139
4373 192447
4376 192579
4393 193327
4394 193371
4406 193899
4414 194251
4416 194339
4421 194559
4422 194603
4441 195439
4444 195571
4453 195967
4459 196231
4462 196363
4469 196671
4470 196715
4476 196979
4478 197067
4479 197111
4482 206210
4483 206256
4495 206808
4501 207084
4509 207452
4515 207728
4520 207958
4524 208142
4529 208372
4543 209016
4546 209154
4552 209430
4553 209476
4554 209522
4557 209660
4565 210028
4566 210074
4572 210350
4577 210580
4584 210902
4588 211086
4597 211500
4600 211638
4606 211914
4611 212144
4612 212190
4614 212282
4619 212512
4620 212558
4621 212604
4622 212650
4630 213018
4633 213156
4639 213432
4647 213800
4648 213846
4653 214076
4655 214168
4664 214582
4666 214674
4671 214904
4678 215226
4686 215594
4690 215778
4696 216054
4700 216238
4701 216284
4708 216606
4711 216744
4720 217158
4729 217572
4737 217940
4738 217986
4744 218262
4745 218308
4749 218492
4751 218584
4754 218722
4757 218860
4768 219366
4770 219458
4773 219596
4775 219688
4776 219734
4787 220240
4788 220286
4798 220746
4805 221068
4806 221114
4808 221206
4817 221620
4819 221712
4826 222034
4829 222172
4830 222218
4832 222310
4833 222356
4845 222908
4850 223138
4857 223460
4872 224150
4873 224196
4876 224334
4882 224610
4898 225346
4899 225392
4907 225760
4913 226036
4919 226312
4928 226726
4939 227232
4945 227508
4958 228106
4960 228198
4964 228382
4968 228566
4973 228796
4983 229256
4987 229440
5000 230038
